l1_absolute_error:  3.053837535692525e-05
l2_relative_error:   0.02934719471718252
