l1_absolute_error:  0.007561917421659621
l2_relative_error:   7.203623477551978
