l1_absolute_error:  0.00014832927100940163
l2_relative_error:   0.17832530433803837
