l1_absolute_error:  0.020409617632553875
l2_relative_error:   16.739402662632624
