l1_absolute_error:  0.0033115152073000457
l2_relative_error:   2.6116818404714675
