l1_absolute_error:  0.0012478663290458355
l2_relative_error:   1.1148244062286734
