l1_absolute_error:  0.044827674186714135
l2_relative_error:   31.28778433982179
