l1_absolute_error:  0.0016638436967595003
l2_relative_error:   1.4442121815888056
