l1_absolute_error:  0.0015109904818826543
l2_relative_error:   1.2672586723539325
