l1_absolute_error:  0.0014580220916113247
l2_relative_error:   1.3299200912879312
