l1_absolute_error:  0.0016124318125957911
l2_relative_error:   1.3400246796788278
