l1_absolute_error:  0.0019252113161663286
l2_relative_error:   1.6067534420915288
