l1_absolute_error:  0.0025880692084936435
l2_relative_error:   2.2834406613721696
