l1_absolute_error:  0.005335448913653426
l2_relative_error:   5.400982247729434
