l1_absolute_error:  0.0013488278128043457
l2_relative_error:   1.2147997201436005
