l1_absolute_error:  0.0010199479240217168
l2_relative_error:   0.9002278969059022
