l1_absolute_error:  0.0010527305683720796
l2_relative_error:   0.9048860274784347
