l1_absolute_error:  0.001634595425444203
l2_relative_error:   1.3800806215267343
