l1_absolute_error:  0.0009085181511351324
l2_relative_error:   0.8401970875818683
