l1_absolute_error:  0.00203639165593776
l2_relative_error:   1.6952903873790728
