l1_absolute_error:  0.022007571109644925
l2_relative_error:   18.42514253128729
