l1_absolute_error:  0.0007789641007077222
l2_relative_error:   0.6676414094404864
