l1_absolute_error:  0.00264409098586939
l2_relative_error:   2.333227117699182
