l1_absolute_error:  0.002558427131392948
l2_relative_error:   2.1619588439707105
