l1_absolute_error:  0.001106185290530569
l2_relative_error:   0.9881682752424972
